0 1.117698582743e+00
1 3.023421956310e-01
2 1.249780566479e-01
3 6.400288689340e-02
4 3.693108490046e-02
5 2.279368819255e-02
6 6.880046743687e-02
7 1.487287735169e-02
8 9.387685714529e-03
9 3.126360592572e-02
10 6.115734037640e-03
11 3.779413756370e-03
12 2.592464525713e-03
13 1.139335998063e-02
14 5.411906148336e-03
15 1.361326688357e-03
16 2.509640768920e-03
17 8.045846479604e-04
18 2.062257593540e-03
19 4.400768581927e-04
20 4.870091126864e-03
21 1.430568393470e-03
22 2.199615167406e-04
23 4.393431438933e-04
24 1.113277502206e-04
25 7.682930764430e-05
26 8.297076773021e-05
27 2.939769620109e-04
28 1.889796688285e-04
29 1.579021657081e-04
30 2.388147869613e-05
31 4.339062191576e-05
32 1.045629637191e-05
33 6.093835738892e-05
34 2.170479946155e-04
35 5.356364121632e-06
36 6.467646237549e-06
37 3.948499247105e-05
38 1.724619041429e-06
39 6.705716408779e-06
40 6.309752290815e-06
41 5.360293994518e-06
42 5.005028790234e-06
43 6.217930144295e-07
44 3.470601674325e-07
45 5.101337102934e-07
46 6.192427995752e-07
47 3.527169324405e-07
48 1.189370160009e-06
