0 1.118033955209e+01
1 3.030302341598e+00
2 1.260681169074e+00
3 6.555001203374e-01
4 3.896726992751e-01
5 2.532322342975e-01
6 2.943771233521e+00
7 1.752814418350e-01
8 1.467601139334e-01
9 2.509543980387e-01
10 9.550464650960e-02
11 7.460313319069e-02
12 3.853665501348e-01
13 3.252106415622e-01
14 5.958852635563e-02
15 4.800049457209e-02
16 2.099076921198e-01
17 8.124585805953e-02
18 4.433345771116e-02
19 4.781151193248e-02
20 9.727897570285e-02
21 4.796539398823e-02
22 2.744979835766e-02
23 9.179046374065e-02
24 2.642726900931e-02
25 5.239395652917e-02
26 2.759737210367e-01
27 5.797097223831e-02
28 2.154767503129e-02
29 6.328222361851e-02
30 1.775205484146e-02
31 8.598549749832e-02
32 2.664254848263e-02
33 1.944411542565e-02
34 5.318223657662e-02
35 4.799803954369e-02
36 1.675582529424e-02
37 2.300338233943e-02
38 1.085230709617e-01
39 1.516735524886e-02
40 1.947659646323e-02
41 2.877245360071e-01
42 3.359504658345e-02
43 1.071520737308e-02
44 2.823346404319e-01
45 1.140866784742e-02
46 2.289395587626e-02
47 3.160309669773e-02
48 1.379737524615e-01
49 2.516952633386e-02
50 8.504325030736e-03
51 1.140228566275e-01
52 9.138930600355e-03
53 4.138938431245e-02
54 1.339092749710e-02
55 3.490095367406e-01
56 1.132203248423e-02
57 1.374737650355e-02
58 1.216162991962e-02
59 1.858363169160e-02
60 6.730784240852e-03
61 6.310038473435e-02
62 1.506638043125e-01
63 3.301164831198e-02
64 1.558725212699e-02
65 7.427425997205e-02
66 1.518361417380e-02
67 6.184409616515e-03
68 7.765975182808e-03
69 3.091982101320e-02
70 7.630734543557e-03
71 2.929787443229e-02
72 1.803198718390e-02
73 2.260435523109e-02
74 4.966239191898e-03
75 1.234121055113e-02
76 6.109496456062e-02
77 3.511251503485e-02
78 3.105809065151e-02
79 1.349655380965e-02
80 2.128930202633e-02
81 5.576815551737e-03
82 1.109636850443e-02
83 1.100915211386e-02
84 1.407542278453e-01
85 4.219856463671e-03
86 1.438631143407e-02
87 1.019497167931e-02
88 3.014885587803e-02
89 4.710354446340e-03
90 8.109880902983e-03
91 2.876792581351e-02
92 1.414128973271e-02
93 9.382290755060e-03
94 5.238062547657e-03
95 1.294505774187e-02
96 6.067272265748e-03
97 1.206751222578e-02
98 1.109658345033e-01
99 2.279762476531e-02
100 1.689719467690e-02
101 3.837945304021e-03
102 5.616021328407e-03
103 2.806101838256e-02
104 9.930247239999e-02
105 3.085599979959e-03
106 2.547796603129e-02
107 1.263212076977e-02
108 6.563950799924e-03
109 1.565646642719e-02
110 5.295895979703e-03
111 6.501747392547e-02
112 3.879158965977e-03
113 8.174687156439e-03
114 3.870539790632e-02
115 5.898859239540e-03
116 6.894613343943e-03
117 4.374704943648e-03
118 5.807818070044e-02
119 1.318307490223e-02
120 5.515012235632e-03
121 7.140558515382e-03
122 1.151646020840e-02
123 4.985953662476e-02
124 3.189410657019e-03
125 5.710755688278e-02
126 7.024556519375e-03
127 5.313191574571e-03
128 5.327879965511e-03
129 2.277028344003e-02
130 7.983004889395e-03
131 5.771984520838e-03
132 3.776062633910e-03
133 3.858124660103e-03
134 3.222954951897e-03
135 3.636163437915e-03
136 4.581531746252e-03
137 8.249008166313e-03
138 6.316838690266e-02
139 6.971168717802e-03
140 4.599567641900e-02
141 3.022704065813e-02
142 2.656783952520e-03
143 5.151587921045e-03
144 5.451581888939e-03
145 4.720905312350e-03
146 4.586368379619e-02
147 7.390638015399e-03
148 5.615422007664e-03
149 9.992895215358e-03
150 2.156864083068e-03
151 3.968138830922e-03
152 4.159952354615e-03
153 9.924493945943e-03
154 8.261906721906e-03
155 2.314439369605e-03
156 5.740843625782e-03
157 4.332637768389e-02
158 1.016594680792e-02
159 1.201019919140e-02
160 6.683889309709e-03
161 1.283386378531e-02
162 5.561816713831e-03
163 2.770542580201e-03
164 3.517057657610e-03
165 2.663902278481e-02
166 3.830190024691e-03
167 4.007618083515e-03
168 1.009474762228e-02
169 1.222312403631e-02
170 2.357928532449e-03
171 3.447359936974e-03
172 1.158122524071e-02
173 2.563003697756e-03
174 7.865805114076e-03
175 6.026546867003e-02
176 1.158778795766e-02
177 4.191273086613e-03
178 2.382408905961e-03
179 2.254349271395e-03
180 4.823557796941e-03
181 4.800898367719e-02
182 8.159827089855e-03
183 5.592962754394e-03
184 7.603138778635e-03
185 5.110495332202e-03
186 2.802997034343e-03
187 2.048519252184e-03
188 3.649578099031e-03
189 8.047458000074e-03
190 1.514036761711e-02
191 2.358151254661e-02
192 2.316614701375e-03
193 3.762963546281e-03
194 1.954202499388e-03
195 6.515129375495e-02
196 6.338673466239e-03
197 2.732479444506e-03
198 1.061482560556e-02
199 9.879679252300e-03
200 2.430768184909e-03
201 1.661005305887e-03
202 4.485517577118e-02
203 4.012859745633e-03
204 8.288057427969e-03
205 7.850902522295e-03
206 2.367985272625e-03
207 1.648946146932e-02
208 2.813613774372e-03
209 3.724116535909e-02
210 7.941776306284e-03
211 1.486978679006e-03
212 1.145611256525e-02
213 2.025778528048e-03
214 3.092341098187e-03
215 2.022051607284e-02
216 1.983663564906e-02
217 1.893976890118e-03
218 2.640901064632e-03
219 3.441533638659e-03
220 9.599690773425e-03
221 2.604429339745e-03
222 1.517930857634e-02
223 3.962125069216e-02
224 2.623978037446e-03
225 8.850050105411e-03
226 2.167905646377e-03
227 2.430046939431e-03
228 1.783960279139e-03
229 6.006631365964e-03
230 1.134496890117e-02
231 6.283526693783e-03
232 3.865222156667e-03
233 9.067004447205e-03
234 1.605379035739e-03
235 2.836284371669e-03
236 6.471371813445e-03
237 8.366688205729e-03
238 1.013218809654e-02
239 1.701491936202e-03
240 4.663891697147e-03
241 3.247565286576e-03
242 1.845975343819e-02
243 5.259052354174e-03
244 6.676543313626e-03
245 1.658292633293e-03
246 1.404358620410e-03
247 3.695948912753e-03
248 6.117481224517e-03
249 2.597429305821e-03
250 2.790757827108e-03
251 6.827135836054e-02
252 1.696543850808e-02
253 1.073917036396e-03
254 2.639257902981e-03
255 2.611003294440e-03
256 4.845102934892e-03
257 3.651679573412e-02
258 9.806260371867e-03
259 1.007499722297e-02
260 2.307141159860e-03
261 2.638229912605e-03
262 6.465985333535e-03
263 2.417269172140e-03
264 1.088079934282e-03
265 3.743241472897e-02
266 2.968080942361e-03
267 3.831975175140e-02
268 1.424314989647e-02
269 1.818095224791e-03
270 1.648367709280e-03
271 1.420098036537e-03
272 1.571352689802e-03
273 1.736297182866e-02
274 3.413749893859e-03
275 2.394208244971e-02
276 3.225839915758e-03
277 2.423145312944e-03
278 3.877501763840e-03
279 2.567479401512e-03
280 1.905848827518e-03
281 1.637612024323e-03
282 1.528621465758e-03
283 8.158706085867e-03
284 4.073798981755e-02
285 1.869032244416e-03
286 3.433564927510e-02
287 2.747303367017e-03
288 3.861936923175e-03
289 1.713512453262e-03
290 2.751259417421e-03
291 2.198152843991e-03
292 6.583756381925e-03
293 3.263189238297e-03
294 1.385104575764e-03
295 2.453761909696e-03
296 1.800686071143e-03
297 1.414207707885e-03
298 9.560478180017e-04
299 8.455853199924e-03
300 1.254971891289e-02
301 6.435440616701e-03
302 1.653600345015e-03
303 4.929682691803e-03
304 2.508339219655e-03
305 6.762307474884e-03
306 2.212536080027e-03
307 9.165811621231e-03
308 1.071513981835e-03
309 8.872008919627e-03
310 1.033423339508e-03
311 3.216320021868e-03
312 2.403725660928e-03
313 4.506695572183e-03
314 1.059105771171e-02
315 9.766804035800e-04
316 2.881633052231e-03
317 5.308627524283e-03
318 4.027973735151e-03
319 1.052464663107e-03
320 1.794794992101e-03
321 9.915635545990e-03
322 5.001368971855e-03
323 4.580840134925e-03
324 2.234225374279e-03
325 7.250213473706e-03
326 1.321613626547e-02
327 2.263196037899e-03
328 4.112559422758e-03
329 3.617556110830e-02
330 1.673664423598e-03
331 1.153314302100e-03
332 1.320384510643e-03
333 1.638031356566e-03
334 2.541435680371e-03
335 1.291534546410e-03
336 5.899200616601e-02
337 9.449088076528e-04
338 3.943497706275e-03
339 1.004384245210e-03
340 1.746472942684e-03
341 3.229771943663e-03
342 7.703299754414e-03
343 6.145682592636e-03
344 1.670425260169e-03
345 1.861847212550e-03
346 2.112370803803e-03
347 2.154750322324e-03
348 2.067503893447e-03
349 3.335046238089e-03
350 3.974404037529e-03
351 5.353667558116e-03
352 3.165049219340e-03
353 7.060722992006e-04
354 2.227862148659e-03
355 1.736836471845e-03
356 2.496750842107e-03
357 1.574655864208e-03
358 2.887743546518e-03
359 4.099753387501e-03
360 1.759596563010e-03
361 4.501477949044e-03
362 6.931239549720e-04
363 1.970369495456e-03
364 1.246247632148e-02
365 3.171641285987e-03
366 2.654378115952e-03
367 2.561539746481e-03
368 2.380935752316e-03
369 1.930734398577e-03
370 9.103861084385e-04
371 2.195133118049e-03
372 2.005462681418e-03
373 1.984084623235e-03
374 7.769860487549e-04
375 1.694289780221e-03
376 2.151030503291e-03
377 5.661638926209e-03
378 4.044595638930e-02
379 4.357716446599e-03
380 7.686636151114e-03
381 7.078087114171e-04
382 9.051635443813e-04
383 2.592364241569e-03
384 2.264318699072e-03
385 1.979889673281e-03
386 9.365998115303e-03
387 2.234761456433e-03
388 1.130290942139e-03
389 1.712634860819e-03
390 5.816177687290e-04
391 1.151578833185e-02
392 1.101864412355e-03
393 2.575895776787e-03
394 7.071220171198e-03
395 5.326367267687e-03
396 1.692668840993e-03
397 1.341986166656e-03
398 4.168988670805e-03
399 3.936799576796e-03
400 2.037671434516e-03
401 1.358378248827e-03
402 1.546384581642e-03
403 2.374253210786e-03
404 2.332779872695e-03
405 9.170666993050e-04
406 1.244128570952e-03
407 1.243996344200e-03
408 8.944404847757e-04
409 1.762699650490e-03
410 4.486875427664e-03
411 1.189466642680e-02
412 1.242033161523e-03
413 8.535459874066e-03
414 1.652531861474e-02
415 7.668344112569e-04
416 1.751703825300e-03
417 8.491914194406e-04
418 1.425056107792e-03
419 1.197563511023e-02
420 1.514068793239e-03
421 1.016460229532e-02
422 1.087987239701e-03
423 1.005286726680e-03
424 4.086169565814e-03
425 9.303060190778e-03
426 2.254645565587e-03
427 3.038512249179e-03
428 8.076212023290e-03
429 8.877437898760e-03
430 6.485490294100e-04
431 1.055152584185e-03
432 6.230942848381e-04
433 1.537878157597e-03
434 4.284670781037e-02
435 1.207706996528e-03
436 1.084055812484e-02
437 2.322012234881e-03
438 4.239306901399e-03
439 8.340301155008e-04
440 1.352495326615e-03
441 9.888001364678e-03
442 7.962082398365e-04
443 1.027903815757e-03
444 1.078493786859e-03
445 1.115299873912e-02
446 3.969002218123e-03
447 1.300317313004e-03
448 6.240336905094e-03
449 7.443644921834e-04
450 1.417349623218e-03
451 4.146553783227e-03
452 1.952387512089e-03
453 9.201522995542e-03
454 7.186353734230e-04
455 1.350776749913e-02
456 8.620814649198e-04
457 6.574418781245e-04
458 1.160670470312e-03
459 1.613696090295e-03
460 3.614482012767e-03
461 1.685172987556e-02
462 1.490909506909e-02
463 1.230045448358e-03
464 8.659036884543e-04
465 3.070586468582e-03
466 5.101258739476e-03
467 7.123431760956e-04
468 8.914855515872e-03
469 6.251044048988e-04
470 9.954843756475e-04
471 8.214193498489e-04
472 2.345291453086e-03
473 1.909649678561e-03
474 1.802501465290e-03
475 1.542625129460e-02
476 1.089817382190e-03
477 5.259857718859e-03
478 8.465973407029e-04
479 1.213609975056e-02
480 5.927756044178e-04
481 2.690559579798e-03
482 9.567647475189e-04
483 6.998019244585e-04
484 7.358635527304e-04
485 2.190736449198e-03
486 3.052879395038e-03
487 1.824951668577e-02
488 2.039605580740e-03
489 1.741863356180e-03
490 3.242603027378e-03
491 1.547104724281e-03
492 1.769330376661e-03
493 1.079454922394e-03
494 5.576235896023e-04
495 1.199169836780e-02
496 6.948901966284e-04
497 3.117483291402e-03
498 9.838939057921e-04
499 5.660915255407e-04
500 1.498104006638e-03
501 1.643145839997e-02
502 8.320775996892e-03
503 1.409789436162e-03
504 6.120679469021e-04
505 5.253887300480e-04
506 4.084380697585e-03
507 7.402077476368e-04
508 2.557130965101e-03
509 1.028036115370e-03
510 1.440154356192e-03
511 1.641995321824e-03
512 9.206728902012e-04
513 1.178206836176e-03
514 8.799837912361e-04
515 2.455737242311e-03
516 2.679810409759e-03
517 1.537227479203e-03
518 1.307241136223e-03
519 8.822773886110e-04
520 1.884565135223e-03
521 6.941650316376e-03
522 8.190633942356e-03
523 2.324567009863e-03
524 3.930686915425e-04
525 1.772833917894e-03
526 1.001105263457e-03
527 1.278998164666e-03
528 2.735915360639e-02
529 4.823511444524e-03
530 1.490855379148e-03
531 6.959603879253e-03
532 6.808635904514e-04
533 1.986606340226e-03
534 4.488205371373e-04
535 1.679620196867e-02
536 7.915591422358e-04
537 2.507791623048e-03
538 5.483364387568e-04
539 6.323587070094e-04
540 1.292826267709e-03
541 1.028036635177e-02
542 2.845180047767e-02
543 4.588835685616e-04
544 1.082347791028e-03
545 1.080628970462e-03
546 5.297401419024e-04
547 9.029422051688e-04
548 1.178624821155e-03
549 8.037421083262e-03
550 5.642888881241e-04
551 6.790225977582e-04
552 6.300146075360e-03
553 1.691923824921e-03
554 1.167550175413e-03
555 7.664692300138e-03
556 2.541475495915e-03
557 1.876190535770e-03
558 5.915924061015e-04
559 4.000720175363e-04
560 6.467361553100e-04
561 1.777010789017e-03
562 8.961003710013e-04
563 1.458210469926e-03
564 3.288894786162e-03
565 1.150760886204e-03
566 1.397057562130e-03
567 1.210247111844e-03
568 1.784166227228e-03
569 7.582474299179e-03
570 3.146897630277e-03
571 6.401542928555e-04
572 5.789614060902e-04
573 2.953055980368e-03
574 3.015776266726e-04
575 4.176482917679e-03
576 8.576024843722e-04
577 1.160219941263e-03
578 3.042091265450e-03
579 6.682041583654e-03
580 1.095388573476e-03
581 1.043824455571e-02
582 7.004549151696e-04
583 6.705121577917e-04
584 1.688048298435e-03
585 1.750403482737e-03
586 1.037464190317e-03
587 4.974499928300e-04
588 9.790975277915e-04
589 1.432653592466e-02
590 1.311056759435e-03
591 4.966735232093e-04
592 8.863356504856e-04
593 4.294161663700e-04
594 9.521585339457e-04
595 7.826485026713e-03
596 3.960418906503e-04
597 2.593380618869e-03
598 4.731561496475e-04
599 7.016665649122e-04
600 1.035646529588e-03
601 5.085867610441e-04
602 5.385337714165e-03
603 1.535010730204e-03
604 1.154448866992e-03
605 6.261472564752e-04
606 1.299927424521e-03
607 1.241552805853e-03
608 1.585869414391e-03
609 4.756230951701e-03
610 5.448602199428e-04
611 8.719968681442e-04
612 9.926710453300e-04
613 3.948844664250e-04
614 5.333696951815e-04
615 6.259918472897e-04
616 1.816829891353e-03
617 8.049916543390e-04
618 1.086229396030e-03
619 5.840366904223e-04
620 7.097212414381e-04
621 1.038083970241e-03
622 4.371046710954e-03
623 4.140979702254e-03
624 1.881287148401e-03
625 1.035976548498e-03
626 1.328397370793e-03
627 7.591762966007e-04
628 6.307937482799e-04
629 6.775385022111e-03
630 3.308412502016e-03
631 6.212572322655e-04
632 2.608399152105e-03
633 7.737077701547e-04
634 9.470845172287e-04
635 5.058773390066e-04
636 1.087210526696e-02
637 2.808629371043e-04
638 7.409816301856e-04
639 8.295718598299e-04
640 1.815894357026e-03
641 7.298228654485e-04
642 9.964103534893e-04
643 1.792318201075e-03
644 4.525248964618e-04
645 3.080120988025e-04
646 1.318390755224e-03
647 8.272858016108e-04
648 1.335949130607e-03
649 1.047147347770e-03
650 1.476844151796e-03
651 8.849357533934e-04
652 4.799867395377e-04
653 4.363716944062e-04
654 3.389797007165e-03
655 7.855851667449e-04
656 1.504813647512e-03
657 2.135231585886e-03
658 3.354590229033e-04
659 3.102600911507e-04
660 9.668696830226e-04
661 2.555159616677e-03
662 7.313186584548e-03
663 6.574196250450e-04
664 4.383498845476e-04
665 1.055202335072e-03
666 8.594813082072e-04
667 1.227176846939e-03
668 4.474916643019e-03
669 8.535711205178e-04
670 4.724788001888e-04
671 6.642130889903e-04
672 1.223364088443e-03
673 6.594186886959e-04
674 1.724859981651e-03
675 4.598044699868e-04
676 2.510129244868e-03
677 2.248725172264e-04
678 8.429686115123e-04
679 1.593540006828e-03
680 1.226296500044e-03
681 5.842589365356e-04
682 2.343917981115e-03
683 3.076066678441e-03
684 8.736261672486e-04
685 5.771697994098e-04
686 9.741990838867e-04
687 4.767196485676e-04
688 1.563788657531e-03
689 6.600646649528e-04
690 1.367452892012e-03
691 4.369566614624e-04
692 1.287825464027e-03
693 5.778921866615e-04
694 8.906322669113e-04
695 9.455721885721e-04
696 5.965094736717e-03
697 5.075823639825e-04
698 4.742486419078e-04
699 2.970467135375e-04
700 1.325442424066e-03
701 4.047251893667e-04
702 5.679632057612e-03
703 7.116467141875e-04
704 3.918781002261e-04
705 1.449484832217e-03
706 2.063324424734e-03
707 4.502563254463e-04
708 6.020187335290e-04
709 3.695669573502e-03
710 3.437403845610e-04
711 9.940645138976e-04
712 7.086474769262e-04
713 2.666328971848e-04
714 9.480522573959e-04
715 5.766206976730e-03
716 1.442725087905e-03
717 6.840547245314e-04
718 1.745528108053e-03
719 1.031517062711e-03
720 5.796804459676e-04
721 2.074846454434e-04
722 8.674185993191e-04
723 4.454864831440e-04
724 8.863872557374e-04
725 1.220597400328e-03
726 1.313888019959e-03
727 4.710159414205e-04
728 7.256143995551e-04
729 1.366560340496e-02
730 3.760815852645e-04
731 2.324830482384e-03
732 3.402139181640e-04
733 1.022129739010e-02
734 1.074269265357e-03
735 8.562716142939e-04
736 5.784085240377e-04
737 2.900519794131e-04
738 3.747080108743e-04
739 1.457517158723e-03
740 1.033134845173e-03
741 2.948242869718e-03
742 1.632315789795e-03
743 5.926417105308e-04
744 3.499349192406e-04
745 5.217212948106e-04
746 3.089700570009e-04
747 2.001538556946e-03
748 9.685696241215e-04
749 1.224568561162e-03
750 2.899797185949e-04
751 9.697211408811e-04
752 6.199862025751e-04
753 9.196461158237e-04
754 5.231275902382e-04
755 1.270742904615e-02
756 1.216087018605e-03
757 4.544104389420e-04
758 1.945754432401e-04
759 1.834478601010e-03
760 4.704920274167e-04
761 2.815219483440e-04
762 4.471862245497e-03
763 4.211565538347e-04
764 4.194563404760e-04
765 2.783490508768e-04
766 4.050523978129e-03
767 1.798367936358e-03
768 3.721047672080e-03
769 5.086791235801e-04
770 2.447727272264e-04
771 5.926895459910e-04
772 5.832125690399e-04
773 2.849356182026e-04
774 2.441669616696e-03
775 4.313632308075e-04
776 1.039811071882e-03
777 5.503153094976e-04
778 8.538623500429e-04
779 7.025790962627e-04
780 8.277654333233e-04
781 8.358300617138e-03
782 2.525431889402e-03
783 4.852609166723e-04
784 2.551293510497e-03
785 4.864608491276e-04
786 5.186777053612e-04
787 2.077468884719e-03
788 4.543232846615e-03
789 3.029628338727e-04
790 5.444142186585e-04
791 2.301956790986e-04
792 2.481700911361e-04
793 1.497100921076e-03
794 4.648249274607e-04
795 9.923523345398e-04
796 2.154932934589e-03
797 3.406265512775e-04
798 4.152707535217e-04
799 2.749622944705e-04
800 8.397464202358e-03
801 9.564846431443e-03
802 1.026365595476e-03
803 3.413438892715e-04
804 3.555464608425e-04
805 3.023259792979e-04
806 4.183187208180e-04
807 1.011134443073e-03
808 2.945095438352e-04
809 2.461948837895e-04
810 6.428923572639e-04
811 1.015908579380e-03
812 1.993060958477e-03
813 1.002383980130e-03
814 4.039875701725e-03
815 2.248270197262e-04
816 4.318058147208e-04
817 9.765324658295e-04
818 1.205758534147e-03
819 3.923820533635e-04
820 1.363306910499e-03
821 1.651021111438e-03
822 4.374810504295e-04
823 2.691089142886e-04
824 2.942966688455e-04
825 3.510882485644e-04
826 1.878000072753e-03
827 1.748527483635e-03
828 2.114252083384e-04
829 2.890666868746e-04
830 4.023917941005e-04
831 1.432857184171e-03
832 2.247776836079e-03
833 7.118332344688e-03
834 9.567196033316e-04
835 2.900749642574e-04
836 1.190156285696e-03
837 6.008021782933e-04
838 2.460563966190e-04
839 2.279214574229e-04
840 1.100363096286e-02
841 2.483524267358e-04
842 2.148022354935e-04
843 8.846894641342e-04
844 3.385291096265e-04
845 6.366090303229e-04
846 4.488761567480e-04
847 1.559791241761e-03
848 2.445766008337e-04
849 6.133623961538e-04
850 4.388559416067e-04
851 4.316176553381e-04
852 4.595530576985e-04
853 3.813536381649e-03
854 3.928379790940e-04
855 1.936588453995e-04
856 3.298883987642e-04
857 4.320639394034e-04
858 3.037918410628e-04
859 2.502316187834e-03
860 6.199891417581e-04
861 2.096083568271e-03
862 2.580087647619e-04
863 6.258401782681e-04
864 5.547581448075e-04
865 5.388758885062e-04
866 3.362494062454e-03
867 4.565717465807e-04
868 6.899364589603e-04
869 4.737782412183e-04
870 2.350421279664e-04
871 2.276024856606e-03
872 1.950692957980e-04
873 1.765861717590e-04
874 6.259021592469e-04
875 2.433758029052e-04
876 2.751043051040e-04
877 6.160016819051e-04
878 4.082220549743e-04
879 9.469563351491e-03
880 4.974529092324e-04
881 1.097528215375e-03
882 1.775847267729e-04
883 9.954837436740e-04
884 1.658360739967e-03
885 4.186401766091e-03
886 2.009098816828e-04
887 7.962367817650e-04
888 2.497819773880e-04
889 2.091273767194e-04
890 3.813422896331e-04
891 2.124505462897e-03
892 1.750546821948e-04
893 6.908884834575e-04
894 7.869737358690e-04
895 2.678720484339e-04
896 4.811025230968e-04
897 2.129489047266e-03
898 6.510045576302e-04
899 7.562330128767e-04
900 4.963420888424e-04
901 3.894170352970e-04
902 6.924582763820e-04
903 3.813183069285e-03
904 1.768947738168e-04
905 2.826753222811e-04
906 1.818844469108e-04
907 3.681494704820e-04
908 6.013936391032e-04
909 6.864555028025e-04
910 6.525286372152e-04
911 4.964379028679e-03
912 5.223752992876e-04
913 6.351954107991e-04
914 2.875405775476e-04
915 3.008564325401e-04
916 1.556483716210e-04
917 5.025266160493e-04
918 1.617547823872e-03
919 2.593122752324e-04
920 4.093892541815e-03
921 3.558756724664e-04
922 6.687654563343e-04
923 3.459320753857e-04
924 1.297244026716e-03
925 1.509623222573e-04
926 1.920780481211e-04
927 5.098757533460e-04
928 1.983373927503e-04
929 7.363112611948e-04
930 3.039772039277e-04
931 6.994194183981e-04
932 2.789159910081e-04
933 2.398305575535e-04
934 3.852119858929e-04
935 3.433440143590e-04
936 1.905044787048e-03
937 8.087127194874e-04
938 1.398648312679e-03
939 1.514118348774e-04
940 3.193335991837e-04
941 6.534571482503e-04
942 4.648764415637e-04
943 7.791149009515e-04
944 3.516703589100e-04
945 1.295928562638e-04
946 1.070431425820e-03
947 2.415150353416e-04
948 1.053332968448e-03
949 1.611122116706e-04
950 3.820748139447e-03
951 4.930196799797e-04
952 5.813915511951e-04
953 2.442396032936e-04
954 6.162118345952e-03
955 3.464145770504e-04
956 3.632036461970e-03
957 1.813500041213e-04
958 3.551187572706e-04
959 8.213627581892e-04
960 2.898638842406e-04
961 1.686163048733e-04
962 2.412548069294e-04
963 2.301089957363e-03
964 4.290702032321e-03
965 1.167653351035e-04
966 3.713956119565e-04
967 1.385625109739e-04
968 1.502454146995e-03
969 2.906886844105e-04
970 6.877235480823e-04
971 1.698926311021e-03
972 1.536945142672e-03
973 3.549592199105e-04
974 4.067177853072e-04
975 4.509795377958e-04
976 2.416254814052e-04
977 1.338191333850e-04
978 1.761286303357e-04
979 2.517780812474e-04
980 4.002929724277e-04
981 4.717776312386e-04
982 9.008151459885e-04
983 2.724051732202e-04
984 2.114432117286e-04
985 1.024235575654e-03
986 3.013152454692e-04
987 1.423049049332e-04
988 2.263229794744e-03
989 2.205690150949e-03
990 4.010298735903e-04
991 1.782112739789e-03
992 1.896272051375e-04
993 1.779133728826e-04
994 7.565436260778e-04
995 3.935734461868e-04
996 3.529859825959e-04
997 4.227736267846e-04
998 4.247713170294e-04
999 1.024607221859e-04
1000 1.613146519509e-04
1001 2.449078606513e-03
1002 5.087930294811e-04
1003 1.840713043841e-04
1004 7.406162769981e-04
1005 1.536355821372e-03
1006 1.027245107882e-03
1007 3.103366882531e-04
1008 3.946315034215e-03
1009 4.793471745472e-04
1010 1.313509740369e-04
1011 1.492493307148e-03
1012 5.160569139906e-04
1013 2.684024049043e-04
1014 2.964089848180e-03
1015 5.462545241090e-03
1016 1.621998514214e-04
1017 3.465257046268e-04
1018 1.552032639159e-04
1019 1.129338989762e-04
1020 2.484257223295e-04
1021 1.592286311982e-04
1022 1.195972772142e-03
1023 1.506729629164e-04
1024 2.976240478928e-04
1025 3.742069576092e-04
1026 5.851872545085e-04
1027 3.663387608324e-03
1028 2.529156381594e-04
1029 3.661353086083e-04
1030 3.635667020019e-04
1031 1.205661552711e-04
1032 1.879183659479e-04
1033 2.890818923057e-03
1034 4.483980721621e-04
1035 2.923045973326e-04
1036 2.474493032195e-04
1037 2.736688372031e-04
1038 2.976473678207e-04
1039 4.714137594910e-04
1040 2.106018899434e-04
1041 6.002950887935e-04
1042 9.414307436054e-05
1043 1.500767370360e-04
1044 4.424098875866e-04
1045 2.691048679863e-04
1046 1.391951536561e-03
1047 3.514050415314e-04
1048 2.861690636231e-03
1049 8.691852484353e-04
1050 1.413746111130e-04
1051 1.582123069125e-04
1052 2.485355074424e-04
1053 7.566436754853e-04
1054 1.145262986941e-04
1055 1.566061812336e-04
1056 2.061135229751e-03
1057 9.680114777315e-05
1058 5.025751395316e-04
1059 2.900844182442e-03
1060 1.404683331347e-04
1061 5.891589415590e-04
1062 2.097221112375e-04
1063 4.640149464711e-04
1064 4.123562039628e-03
1065 1.665201085974e-04
1066 6.050274170696e-04
1067 5.513436116789e-04
1068 2.251242176966e-04
1069 3.759411125663e-04
1070 3.447785961336e-04
1071 3.848324044023e-04
1072 2.511549301548e-03
1073 1.671642317927e-04
1074 3.457378618312e-04
1075 5.611428524751e-04
1076 8.020636571030e-05
1077 1.919798315466e-04
1078 1.913700088843e-04
1079 1.406824837142e-04
1080 2.077918336192e-04
1081 2.557304022187e-03
1082 1.046121161747e-03
1083 3.381221904199e-04
1084 1.640829127971e-04
1085 8.104987220698e-04
1086 1.373069984772e-04
1087 6.184415010228e-04
1088 2.339589509269e-04
1089 3.554017476314e-04
1090 7.996877926635e-04
1091 6.946120527010e-04
1092 2.903294820388e-04
1093 2.484509978811e-04
1094 2.146825706540e-04
1095 9.278479421868e-05
1096 8.790468369703e-05
1097 2.959693820228e-04
1098 7.065532835127e-04
1099 3.209449355671e-04
1100 3.350550347438e-04
1101 7.974048134184e-04
1102 9.880481034329e-05
1103 2.604005434680e-04
1104 2.438540958658e-04
1105 6.448687594101e-04
1106 1.062423743868e-04
1107 2.425274497568e-03
1108 2.652718084012e-04
1109 1.286193711816e-04
1110 2.904259309897e-04
1111 2.285058983963e-03
1112 5.951636236137e-04
1113 1.384845426671e-04
1114 1.849314350910e-04
1115 5.071939987536e-04
1116 1.242921356090e-03
1117 1.032695978173e-04
1118 2.800308945337e-03
1119 7.193377773726e-05
1120 4.041459331129e-04
1121 1.450849757413e-04
1122 3.722826346406e-04
1123 1.682755856061e-03
1124 2.830297403313e-03
1125 2.560586585278e-03
1126 1.613677112714e-04
1127 1.281434419347e-04
1128 7.049931323194e-04
1129 3.988795396317e-04
1130 3.213061402609e-04
1131 2.036989037019e-04
1132 7.180786197336e-05
1133 9.863692847485e-04
1134 3.730272543505e-04
1135 2.367731974639e-04
1136 1.658018104767e-04
1137 6.280924191156e-04
1138 3.299034743929e-04
1139 9.466071037411e-05
1140 2.241508880741e-04
1141 4.571471543334e-04
1142 1.536157925231e-04
1143 1.602305339007e-04
1144 3.094365213013e-04
1145 5.354353310542e-04
1146 1.280428583378e-04
1147 1.171093018353e-04
1148 1.054029126820e-03
1149 5.471390771445e-04
1150 1.121661610851e-03
1151 1.213879131624e-03
1152 2.787547313956e-04
1153 2.080935958400e-04
1154 1.301199242497e-04
1155 1.132770974586e-04
1156 4.680505915724e-04
1157 8.183761293959e-05
1158 3.271636171424e-04
1159 1.061255746494e-04
1160 1.071244479363e-04
1161 3.731593024968e-04
1162 2.254398285354e-04
1163 3.947352741812e-04
1164 6.168638517114e-04
1165 1.849944147082e-04
1166 2.058843933569e-04
1167 6.992233287214e-04
1168 8.344390801015e-05
1169 5.459319669476e-04
1170 8.190790805326e-04
1171 3.724443985722e-04
1172 1.173805392506e-04
1173 9.690902187264e-05
1174 5.678119433503e-04
1175 5.169418698910e-04
1176 3.040135196677e-04
1177 7.919514558154e-05
1178 2.671541416815e-04
1179 1.163357581557e-04
1180 5.899848959389e-05
1181 2.924162332632e-04
1182 2.458201653483e-03
1183 2.902778782341e-04
1184 5.339952220456e-04
1185 2.051984344392e-04
1186 2.131868172828e-04
1187 4.691733256578e-04
1188 1.225659143085e-04
1189 9.635142980571e-04
1190 2.176463755255e-04
1191 9.580167671380e-05
1192 2.344440501022e-04
1193 3.568617948185e-04
1194 1.022964819940e-04
1195 2.135063666803e-04
1196 4.050042808790e-04
1197 1.051733973961e-04
1198 1.425930877310e-04
1199 1.890148978021e-04
1200 2.325285260935e-04
1201 1.552181349889e-04
1202 2.050413499304e-04
1203 2.235587613045e-04
1204 1.114907536949e-04
1205 6.704999676593e-05
1206 1.506519352149e-04
1207 6.493760529265e-04
1208 2.449186649581e-03
1209 2.048351245729e-04
1210 1.926921255949e-04
1211 7.114299185890e-04
1212 7.243806171219e-04
1213 5.427050212071e-04
1214 6.582437376137e-04
1215 9.061328895778e-05
1216 8.942140116551e-05
1217 6.471327603074e-05
1218 1.186632462862e-04
1219 7.533566498517e-04
1220 6.406613543643e-05
1221 3.618133442986e-03
1222 1.249832939962e-04
1223 3.544664787271e-04
1224 1.248337444122e-04
1225 9.761275000396e-05
1226 1.741456346561e-04
1227 6.807817778881e-04
1228 7.668922995878e-04
1229 9.234197605353e-05
1230 1.205146031856e-04
1231 2.196340086056e-04
1232 2.993992813915e-04
1233 1.872733023869e-04
1234 6.506747132252e-04
1235 8.538149744259e-05
1236 2.471057004534e-04
1237 8.592679099871e-05
1238 1.863724354350e-04
1239 7.926300193021e-05
1240 2.989589593735e-04
1241 1.028317948446e-03
1242 1.875893277887e-04
1243 8.584593981019e-05
1244 9.720296299900e-05
1245 1.279174630018e-04
1246 2.705920500296e-04
1247 3.136918430430e-04
1248 1.325593696896e-04
1249 1.134317449392e-04
1250 2.165060924950e-04
1251 2.565010949258e-04
1252 5.362899178359e-05
1253 1.791614571348e-03
1254 2.789175251474e-04
1255 1.922262215432e-04
1256 5.630173254792e-04
1257 1.207344993394e-04
1258 1.860418717474e-04
1259 4.879287734221e-05
1260 6.074146265359e-04
1261 9.287847694646e-05
1262 6.223337231491e-04
1263 7.174000893832e-04
1264 7.874866795864e-05
1265 1.390632017007e-04
1266 4.169687125042e-04
1267 2.232745527194e-04
1268 2.718960093757e-04
1269 1.183495080196e-04
1270 1.532436640201e-04
1271 6.637621096585e-04
1272 6.007195905956e-04
1273 2.878543148786e-04
1274 1.049228120336e-03
1275 1.049281062719e-04
1276 3.625654043044e-04
1277 9.812505571875e-05
1278 3.847377413327e-05
1279 9.332934159444e-04
1280 1.426077731836e-04
1281 3.438413198499e-04
1282 1.023982630110e-04
1283 1.891757932871e-04
1284 1.813892436128e-04
1285 8.711448983886e-05
1286 8.752835632833e-05
1287 1.145532000175e-04
1288 3.077572910404e-04
1289 2.152106205030e-04
1290 2.460387183585e-04
1291 1.880457270834e-04
1292 1.754732085230e-04
1293 2.049015607432e-03
1294 7.723974534726e-05
1295 1.292231074743e-04
1296 4.940244265485e-05
1297 1.914663177109e-04
1298 7.262520316671e-05
1299 1.846326024968e-03
1300 1.038616604941e-04
1301 5.045923788500e-05
1302 1.142999714994e-04
1303 2.667197300700e-04
1304 1.368643378193e-04
1305 3.730240838680e-04
1306 7.917978852034e-05
1307 2.447526865483e-04
1308 4.331626193565e-04
1309 1.124805928293e-04
1310 1.340204492677e-04
1311 6.184581065400e-05
1312 9.864891487781e-04
1313 1.229488585654e-04
1314 1.614794698198e-04
1315 9.116134088487e-04
1316 1.057020578442e-04
1317 4.751060221881e-05
1318 5.449830555088e-04
1319 2.945167880283e-04
1320 4.912300583473e-05
1321 1.001967380852e-04
1322 8.124414690424e-05
1323 1.574362269815e-04
1324 8.735404163880e-05
1325 3.349313730026e-04
1326 4.032530741369e-04
1327 2.233845887956e-04
1328 1.746527960438e-04
1329 3.377166809318e-04
1330 1.537549477465e-04
1331 4.792543481331e-04
1332 9.371172361784e-05
1333 1.165889907057e-04
1334 2.799518104417e-04
1335 1.197588324463e-04
1336 6.006325268160e-05
1337 1.012232847250e-04
1338 8.071326910320e-04
1339 7.106093788669e-05
1340 1.636520291751e-04
1341 3.092192368126e-04
1342 2.129516360542e-04
1343 8.056459503618e-05
1344 4.853727608892e-05
1345 5.743556780050e-04
1346 4.440454958300e-05
1347 7.223955469588e-05
1348 1.710009802991e-04
1349 4.492029266690e-04
1350 3.213062948200e-04
1351 3.751116744581e-04
1352 7.877772295599e-05
1353 7.321147925475e-05
1354 1.339119093844e-04
1355 9.297344920692e-05
1356 6.956347798591e-05
1357 7.441704551824e-04
1358 2.482715993314e-04
1359 8.776114607607e-05
1360 4.962510828734e-05
1361 4.423419505829e-05
1362 2.428429579625e-04
1363 2.334594636116e-04
1364 9.352318709821e-04
1365 9.438119453785e-05
1366 2.675378899222e-04
1367 1.460897030304e-04
1368 4.053410549814e-05
1369 1.872203963190e-04
1370 1.513191433369e-04
1371 7.585895298007e-04
1372 6.815059260769e-05
1373 1.275807530066e-04
1374 1.978845644024e-04
1375 3.130226226264e-04
1376 2.136440807020e-04
1377 1.578858231178e-04
1378 1.031798886054e-04
1379 9.126210080880e-05
1380 6.358285530711e-05
1381 1.749131052957e-04
1382 5.734018044868e-05
1383 3.180171284177e-04
1384 2.252097942515e-04
1385 2.002601578692e-04
1386 4.837553475663e-05
1387 4.886719812936e-05
1388 1.042373393114e-04
1389 1.189453359053e-04
1390 2.265937636710e-04
1391 6.905763879804e-05
1392 7.540425543479e-05
1393 9.648971294160e-04
1394 1.495447081141e-04
1395 7.163891097798e-05
1396 1.018055221716e-04
1397 5.351615604618e-05
1398 8.391661997559e-05
1399 5.469020130934e-04
1400 1.924198250410e-04
1401 5.920495198555e-05
1402 1.574592959750e-04
1403 2.670177685074e-04
1404 1.708705992935e-04
1405 5.386369970672e-05
1406 1.338890602520e-04
1407 3.403159402035e-05
1408 5.108443282096e-05
1409 1.691154982760e-04
1410 2.112133567380e-04
1411 4.016664202261e-05
1412 1.538459448418e-04
1413 1.235833566235e-04
1414 2.972323362284e-04
1415 5.346007376165e-05
1416 2.134490181015e-04
1417 3.403895705265e-04
1418 1.621577543904e-04
1419 5.186851513645e-05
1420 1.104135741561e-04
1421 6.718429606352e-05
1422 3.772741245176e-04
1423 6.829817220658e-05
1424 7.239906644636e-05
1425 4.417359731401e-05
1426 7.637472944477e-05
1427 6.653447102636e-05
1428 2.284023672034e-04
1429 8.236606953605e-04
1430 9.106320138811e-05
1431 4.187745676864e-05
1432 1.431447225007e-04
1433 1.148898568258e-04
1434 3.812402204386e-05
1435 9.481035287354e-05
1436 2.540663792618e-04
1437 2.037910494973e-04
1438 7.162851065767e-05
1439 2.740404219361e-04
1440 7.569148252069e-05
1441 1.026674401188e-04
1442 6.210853649918e-05
1443 1.111375438784e-04
1444 3.749825904525e-05
1445 8.064249430154e-05
1446 1.027196973430e-04
1447 7.373137511208e-05
1448 3.836202210469e-04
1449 5.025453713152e-05
1450 9.725316953631e-05
1451 2.302353535296e-04
1452 6.442003106090e-04
1453 5.197990533046e-04
1454 4.771255303209e-05
1455 1.132165775083e-03
1456 6.112653424955e-05
1457 5.250965980043e-05
1458 8.368763066888e-05
1459 5.249868101445e-05
1460 5.171712760664e-04
1461 1.791123550533e-04
1462 4.303155194289e-05
1463 8.304985298236e-05
1464 1.402390403156e-04
1465 8.553837900763e-05
1466 2.501095968537e-04
1467 8.581840751800e-04
1468 2.014281221353e-04
1469 1.451435755065e-04
1470 4.024369839675e-04
1471 4.271761280528e-05
1472 6.281433368630e-05
1473 4.803385258723e-05
1474 4.912228128884e-04
1475 2.345206136566e-05
1476 5.563123932296e-04
1477 9.519779646732e-05
1478 1.256084021713e-04
1479 6.154429205525e-05
1480 8.184521097608e-05
1481 8.123758665798e-05
1482 6.185265381831e-05
1483 4.655908620936e-05
1484 8.912774543987e-05
1485 2.386995408827e-04
1486 5.921525623718e-04
1487 4.474164307597e-04
1488 6.506659403495e-05
1489 2.497078748617e-04
1490 2.089625721630e-04
1491 3.754598671789e-05
1492 5.088829509650e-05
1493 7.897385269857e-04
1494 6.360232149868e-05
1495 4.745942729191e-04
1496 4.963599115435e-05
1497 2.623427101061e-05
1498 5.585917375460e-05
1499 5.269583235275e-04
1500 4.381655373954e-05
1501 8.297465179513e-05
1502 5.888308659280e-05
1503 1.537597455747e-04
1504 5.054789023810e-04
1505 9.711375374648e-05
1506 9.858257685983e-05
1507 3.865148428802e-04
1508 4.703121005427e-05
1509 3.622907006535e-04
1510 3.914363846525e-05
1511 6.325842088453e-05
1512 5.386423740729e-04
1513 2.790402128014e-04
1514 4.058014427942e-05
1515 1.426133670290e-04
1516 4.322622700354e-05
1517 2.579984245087e-05
1518 2.630695119191e-04
1519 1.271164635876e-04
1520 1.513537032237e-04
1521 1.248606321981e-04
1522 8.786225812162e-05
1523 2.441073567180e-05
1524 4.479361067746e-05
1525 3.701237644781e-04
1526 2.985412630171e-04
1527 2.049129605069e-04
1528 5.483419897959e-05
1529 3.413587061204e-05
1530 4.541758581410e-04
1531 9.122108224120e-05
1532 3.007264076855e-04
1533 6.627439889462e-05
1534 3.746263629237e-05
1535 1.259114025949e-04
1536 1.746924681820e-05
1537 3.233672732781e-04
1538 3.300031775574e-04
1539 3.101534939259e-04
1540 1.235091701724e-04
1541 6.134362898538e-05
1542 5.166702185851e-05
1543 6.355026773561e-05
1544 9.976564691026e-04
1545 6.812598311021e-05
1546 5.055971039062e-05
1547 1.285684403326e-04
1548 7.697417384351e-05
1549 5.580884555517e-05
1550 3.082257926618e-04
1551 1.030954805405e-03
1552 3.480053421682e-05
1553 1.401293353399e-04
1554 1.695315483888e-04
1555 3.953370632772e-05
1556 2.872074812218e-04
1557 8.583598537972e-05
1558 6.933193246179e-04
1559 5.339653281194e-05
1560 3.753372086949e-05
1561 2.873690501010e-05
1562 5.858782932040e-05
1563 2.517439406197e-04
1564 5.737798016421e-05
1565 9.650082965504e-05
1566 4.391674492357e-05
1567 5.141653064344e-05
1568 3.413868607942e-05
1569 4.378653697660e-05
1570 2.229957553363e-04
1571 6.682223441407e-05
1572 8.310607812768e-05
1573 3.586898150157e-05
1574 4.956887674927e-04
1575 6.705283056762e-05
1576 2.294076799688e-04
1577 6.281356123068e-04
1578 3.659233058451e-05
1579 1.584219781372e-04
1580 3.985383430025e-05
1581 3.116436865173e-05
1582 3.985166264344e-04
1583 2.865304579427e-05
1584 3.872075230879e-05
1585 1.044710325521e-04
1586 9.006711779920e-05
1587 1.617006451585e-04
1588 8.067467288579e-05
1589 6.253781112270e-05
1590 1.196315451184e-04
1591 2.892246856406e-05
1592 3.882394070191e-05
1593 2.158329724412e-04
1594 4.967946399077e-05
1595 4.500389519383e-05
1596 1.805401176861e-04
1597 3.733435239633e-05
1598 2.464096546632e-05
1599 1.906722466902e-04
1600 1.250176212780e-04
1601 1.001345697532e-04
1602 4.880851881761e-04
1603 5.203935003708e-04
1604 7.165912277542e-05
1605 6.087626102245e-05
1606 3.139046197074e-04
1607 2.522035251619e-05
1608 1.505553240672e-04
1609 2.019758328503e-04
1610 2.075373558399e-05
1611 3.462896067555e-05
1612 4.557148973120e-05
1613 3.144512880425e-05
1614 3.500431141002e-05
1615 6.141961024078e-04
1616 2.601969716261e-05
1617 4.604925480418e-05
1618 3.388352516891e-05
1619 3.886436462248e-05
1620 2.047555682875e-04
1621 6.472080257923e-05
1622 4.045371319896e-04
1623 3.457906323547e-05
1624 1.449942882351e-04
1625 8.301760250201e-05
1626 8.503474105178e-05
1627 1.349628161281e-04
1628 8.226120331893e-05
1629 4.844390888491e-05
1630 5.610803525138e-05
1631 4.240814785277e-04
1632 2.157972588816e-05
1633 4.312320924434e-05
1634 1.181118550053e-04
1635 6.514103754533e-05
1636 5.491372339046e-05
1637 5.190884341445e-05
1638 9.014931685838e-05
1639 1.695181459190e-05
1640 6.166838519986e-04
1641 1.792505016720e-04
1642 2.582680045739e-05
1643 5.446824593327e-05
1644 5.149909647625e-05
1645 5.205927306606e-05
1646 6.003680924512e-04
1647 4.107002143154e-05
1648 6.252671034737e-05
1649 2.928265173521e-05
1650 1.148456420571e-04
1651 4.127229570416e-05
1652 4.639872956139e-05
1653 3.696844008218e-04
1654 8.095495577883e-05
1655 2.839482794207e-04
1656 2.799803258076e-05
1657 2.135156477370e-05
1658 8.799917589893e-05
1659 6.756294912675e-05
1660 3.499995164007e-05
1661 4.583067543457e-05
1662 8.923278463071e-05
1663 2.918033542091e-05
1664 2.350502298482e-05
1665 1.699440085221e-04
1666 7.173403494492e-05
1667 2.050723887602e-05
1668 7.568253919598e-05
1669 1.169308183229e-04
1670 2.310541384712e-04
1671 6.001925427125e-05
1672 4.745534143641e-04
1673 2.097887857822e-05
1674 2.846472816953e-04
1675 1.771175992754e-04
1676 3.535927221290e-05
1677 5.517684136391e-05
1678 8.749894252397e-05
1679 3.213243270438e-04
1680 2.034051723580e-05
1681 5.615333267897e-05
1682 2.057924719570e-05
1683 4.161229161431e-05
1684 7.974839440426e-05
1685 3.506811023204e-05
1686 1.799662843780e-04
1687 1.505254874103e-04
1688 2.340874571569e-04
1689 1.311999396946e-05
1690 4.283567663335e-05
1691 7.528874862284e-04
1692 2.914414469491e-05
1693 2.695292129119e-05
1694 6.308874262232e-05
1695 9.859366265576e-05
1696 3.380961834675e-04
1697 2.795415331510e-04
1698 9.863752421999e-05
1699 2.313904120759e-04
1700 4.919460605292e-05
1701 6.162983441434e-05
1702 5.982454453602e-05
1703 2.499404993856e-05
1704 5.440914229036e-04
1705 1.822700351442e-05
1706 1.516296542501e-04
1707 3.157366437384e-05
1708 2.759168704420e-05
1709 5.997119760447e-05
1710 1.892716859400e-04
1711 4.700091855267e-05
1712 8.112675763016e-05
1713 1.934109754804e-05
1714 2.292640085654e-05
1715 3.450904254511e-04
1716 2.374599967125e-05
1717 2.040891284931e-04
1718 1.173975555851e-04
1719 2.231284293675e-05
1720 6.734079451902e-05
1721 1.861001399284e-05
1722 2.817099854415e-04
1723 1.256451025208e-04
1724 1.068043797598e-04
1725 5.550448101990e-05
1726 2.171755917467e-05
1727 1.260201210273e-04
1728 3.548340258774e-05
1729 1.023585380964e-03
1730 3.411761610214e-05
1731 1.245438624986e-05
1732 5.553849877450e-05
1733 5.306769665735e-05
1734 1.763533869172e-05
1735 2.771127148302e-05
1736 1.814248538726e-04
1737 1.662002307970e-04
1738 3.313846224974e-05
1739 4.551525439282e-05
1740 2.603503153089e-05
1741 1.955243834766e-05
1742 6.991185972938e-04
1743 5.031391631875e-05
1744 3.943433412380e-05
1745 2.812254793002e-05
1746 4.227392174335e-05
1747 4.063518436420e-05
1748 1.407731575886e-04
1749 1.209266247026e-04
1750 2.491891098529e-04
1751 8.840145826470e-05
1752 2.882266121850e-05
1753 2.767372822202e-05
1754 2.660815562406e-05
1755 9.982856935913e-04
1756 1.904247345648e-05
1757 1.367337273421e-05
1758 4.861667805591e-05
1759 3.507224048561e-05
1760 1.319799839613e-04
1761 1.029585567993e-04
1762 3.689985406356e-05
1763 2.449907620851e-05
1764 2.254235471842e-05
1765 1.672287025187e-05
1766 6.823406966134e-05
1767 1.409941066388e-04
1768 1.973944814754e-04
1769 7.670522601751e-05
1770 7.826836571352e-05
1771 4.290792280873e-05
1772 2.884884567579e-05
1773 4.089759254088e-05
1774 1.182165494780e-04
1775 1.158450955896e-04
1776 2.545569319326e-05
1777 2.350847494221e-04
1778 2.317142266591e-05
1779 1.053708056107e-05
1780 1.045901401781e-04
1781 5.862064480828e-05
1782 5.108016413238e-05
1783 2.385019539953e-05
1784 2.741486927032e-04
1785 1.039832579054e-05
1786 3.765595772245e-05
1787 2.597335503498e-04
1788 3.238270815754e-05
1789 2.117188008626e-05
1790 8.598424802190e-05
1791 3.082064163858e-05
1792 1.014888486791e-04
1793 3.774034203294e-05
1794 4.686237944160e-05
1795 2.115377464532e-05
1796 3.373962017140e-05
1797 5.251436645499e-05
1798 3.595807336943e-05
1799 8.835960525327e-05
1800 9.058182579526e-05
1801 3.425397701995e-05
1802 3.549632092962e-05
1803 9.886953653682e-05
1804 2.448396988700e-05
1805 1.129274289795e-05
1806 1.680791673099e-04
1807 3.528328393842e-05
1808 2.464824473596e-05
1809 1.293204590979e-05
1810 6.702547808921e-05
1811 5.602478181456e-05
1812 8.787199929551e-05
1813 3.017072365852e-04
1814 1.287881731653e-05
1815 1.899509784391e-05
1816 3.202465074442e-05
1817 3.866141201175e-05
1818 2.162906019848e-05
1819 3.716125150020e-04
1820 4.706517929196e-04
1821 2.654751250533e-05
1822 2.130671142510e-05
1823 1.560665210284e-04
1824 2.699276557124e-05
1825 1.380972351203e-04
1826 5.402795405028e-05
1827 1.745012212883e-05
1828 9.263377620254e-05
1829 5.105244921487e-05
1830 5.457450557262e-05
1831 5.957084455033e-05
1832 1.265247644170e-05
1833 1.715868984198e-05
1834 1.553727582885e-05
1835 1.302958862341e-05
1836 4.074154908045e-05
1837 1.436824332170e-04
1838 7.365854085778e-05
1839 3.900143092541e-04
1840 1.870020858219e-05
1841 4.245695227681e-05
1842 1.789106589146e-05
1843 3.361811097244e-05
1844 1.150806379431e-04
1845 2.981575685473e-05
1846 7.640772326991e-05
1847 4.525312364153e-05
1848 2.677259819129e-05
1849 1.483106887959e-04
1850 6.083994699786e-05
1851 2.108307415799e-05
1852 1.616890274643e-04
1853 3.348461982924e-05
1854 2.049766814591e-05
1855 1.312040490674e-04
1856 1.210742602214e-05
1857 5.114615240871e-05
1858 4.591527240494e-04
1859 1.606572257076e-05
1860 5.140430053327e-05
1861 5.551433609050e-05
1862 3.076009847080e-05
1863 5.549862891840e-05
1864 1.292133529803e-04
1865 8.018985114418e-05
1866 1.032692543806e-04
1867 9.822710136243e-06
1868 9.858691540516e-06
1869 1.722093853235e-05
1870 4.629497614205e-05
1871 3.317933563947e-04
1872 3.127362784841e-05
1873 1.906397947707e-05
1874 9.268184874227e-05
1875 2.571142791272e-05
1876 2.332074253773e-05
1877 3.361406357665e-04
1878 4.601391029111e-05
1879 7.082722583495e-05
1880 9.312744196281e-06
1881 2.366381942895e-04
1882 3.646477528650e-05
1883 1.021174313753e-05
1884 1.105957214110e-04
1885 2.730804601514e-05
1886 5.580374061069e-05
1887 4.145636240294e-05
1888 1.366873357275e-05
1889 5.560402738798e-05
1890 9.249345338197e-05
1891 1.360363525397e-04
1892 1.453330743942e-05
1893 2.452779047871e-05
1894 4.113490359909e-05
1895 3.869631501289e-05
1896 1.280988359888e-05
1897 8.953280846984e-05
1898 2.286654910438e-05
1899 2.092163710832e-04
1900 9.438197059448e-05
1901 1.963311358434e-05
1902 1.211590893969e-05
1903 3.067590385850e-04
1904 3.516873713206e-05
1905 2.728115222285e-05
1906 1.724220864750e-05
1907 8.812300969818e-05
1908 1.815790970267e-05
1909 1.303297271419e-04
1910 1.454344961500e-04
1911 3.262166718305e-05
1912 1.528694715210e-05
1913 1.316939419237e-05
1914 1.291317009608e-05
1915 2.443925890527e-05
1916 2.364450212530e-04
1917 2.240394573618e-05
1918 1.465832518135e-05
1919 1.034357956161e-05
1920 1.518558328013e-05
1921 1.722325596617e-05
1922 6.441648968438e-04
1923 8.451171932337e-05
1924 4.119749182236e-05
1925 4.454018095146e-05
1926 3.041942135287e-04
1927 3.433352979033e-05
1928 8.309153259207e-06
1929 2.577797156953e-04
1930 5.137243567897e-05
1931 1.850743843369e-05
1932 2.476670320206e-05
1933 2.941779064271e-05
1934 1.911187039550e-05
1935 5.471649265029e-05
1936 8.941942140105e-05
1937 1.063455959621e-04
1938 1.131679560389e-05
1939 9.848688092830e-06
1940 1.116095640277e-05
1941 5.015496326561e-05
1942 3.532490612254e-05
1943 6.169285024604e-05
1944 2.064554003056e-05
1945 7.625810659986e-06
1946 3.656815405739e-05
1947 1.319401672847e-05
1948 5.201431798066e-05
1949 2.502964578337e-05
1950 3.323224601802e-05
1951 2.140973213124e-05
1952 3.150287416015e-05
1953 1.045655381701e-04
1954 2.808465046124e-05
1955 1.442357690960e-04
1956 2.998393822132e-05
1957 1.173836628388e-05
1958 1.310327261482e-05
1959 2.662100045572e-05
1960 1.761765840546e-05
1961 4.847264976950e-04
1962 1.024005434435e-04
1963 4.790187117159e-05
1964 7.212428254504e-06
1965 6.446995997148e-06
1966 8.695862584443e-06
1967 1.302198862230e-04
1968 3.006605970862e-05
1969 3.448373201634e-05
1970 1.900212097475e-04
1971 1.351322316941e-05
1972 3.472880268552e-05
1973 2.970705543648e-05
1974 1.672238787003e-04
1975 7.445322149545e-05
1976 4.588262099677e-05
1977 9.458444891836e-06
1978 1.226443878612e-05
1979 4.154084685767e-05
1980 2.688497857560e-05
1981 1.379193571676e-05
1982 1.853247721413e-05
1983 1.368500666208e-05
1984 1.898984807133e-05
1985 1.381612203985e-05
1986 7.622425423449e-05
1987 1.362304705929e-05
1988 1.368772630652e-05
1989 6.890063023058e-05
1990 3.068808783588e-05
1991 1.296675747404e-05
1992 2.630074091639e-05
1993 3.545108310709e-05
1994 2.599992578779e-05
1995 1.256216910932e-05
1996 1.352222487487e-05
1997 3.920013432198e-05
1998 4.029593758038e-05
1999 2.752226771199e-05
2000 6.437094071581e-05
2001 7.828877537273e-06
2002 1.010190506270e-05
2003 3.275571592978e-05
2004 2.496120547276e-05
2005 1.183935048288e-04
2006 1.419615132731e-04
2007 3.682695803499e-05
2008 4.321307685852e-05
2009 1.357205040590e-05
2010 2.101109733507e-05
2011 1.455545934660e-05
2012 5.726940545050e-05
2013 4.740381869181e-05
2014 1.128417204475e-05
2015 9.370342180606e-06
2016 8.312200071303e-05
2017 6.848565548460e-06
2018 1.861898203752e-05
2019 1.922209895474e-05
2020 1.504864764103e-05
2021 3.643458173815e-05
2022 5.336267367874e-05
2023 1.356164870338e-05
2024 9.505538488637e-06
2025 3.287486043734e-04
2026 4.160228807754e-05
2027 1.495411740889e-05
2028 2.389234803359e-05
2029 1.242484976424e-05
2030 1.311297331441e-05
2031 8.055987224024e-05
2032 1.540321714798e-05
2033 9.279183374778e-06
2034 2.448837056939e-05
2035 8.564469298739e-05
2036 1.094096336425e-04
2037 1.348867998178e-05
2038 6.473041412264e-05
2039 1.926492029690e-05
2040 1.146263990496e-05
2041 8.842030431304e-06
2042 8.792259477902e-06
2043 3.057882864904e-05
2044 1.371570912604e-05
2045 1.717317087907e-05
2046 9.430508579508e-06
2047 7.322803369571e-06
2048 1.170159078995e-05
2049 1.165884846797e-05
2050 7.879396003235e-05
2051 9.693121788997e-06
2052 1.520688779614e-05
2053 6.648498784491e-05
2054 6.004789733104e-05
2055 9.787220864247e-06
2056 1.499832446931e-05
2057 3.388183736642e-04
2058 1.962385852761e-05
2059 1.436018628089e-05
2060 2.448574868710e-05
2061 7.882899387431e-05
2062 3.950776446598e-05
2063 1.619675381148e-05
2064 4.263536060907e-05
2065 1.049408397778e-05
2066 9.356415845784e-06
2067 6.854762151995e-06
2068 7.495728686632e-05
2069 3.886609814536e-05
2070 9.904648666944e-06
2071 4.399185954105e-05
2072 9.918908895214e-06
2073 8.457355833066e-06
2074 9.326166008339e-06
2075 1.257989719753e-05
2076 5.811056948208e-05
2077 8.113192037188e-06
2078 8.030437763976e-06
2079 1.533403850472e-05
2080 3.720651227387e-05
2081 1.253769127543e-05
2082 4.151273765487e-05
2083 1.232976514106e-05
2084 2.888880449191e-05
2085 2.765900646308e-05
2086 5.806517304299e-05
2087 6.301798949569e-06
2088 2.122680898135e-05
2089 4.212572193245e-05
2090 5.608935785045e-05
2091 9.637681625347e-06
2092 1.696164885862e-05
2093 1.377967145842e-05
2094 1.622907947954e-05
2095 4.543462878459e-05
2096 9.300525316444e-06
2097 1.333124086693e-05
2098 4.908343874218e-06
2099 1.366469824981e-04
2100 2.191886634166e-05
2101 3.225729249700e-05
2102 3.528864098235e-05
2103 1.190035640342e-05
2104 8.365900200780e-06
2105 5.724157295167e-06
2106 1.335657533864e-05
2107 1.006056896183e-04
2108 1.960318359902e-04
2109 1.751261128573e-05
2110 4.198184567094e-05
2111 1.754609791313e-05
2112 6.813577228830e-06
2113 1.141379606131e-05
2114 6.359623929943e-05
2115 1.558101263035e-05
2116 3.779711209208e-05
2117 5.067639032166e-05
2118 3.017415025112e-05
2119 1.020220062830e-05
2120 1.464400856788e-05
2121 7.911481843328e-05
2122 4.530708417963e-06
2123 1.247680649353e-05
2124 8.626388901116e-06
2125 8.881350613980e-06
2126 1.717927567254e-05
2127 1.320271605228e-05
2128 1.060309695225e-04
2129 5.858414409421e-06
2130 1.902221883845e-05
2131 3.602444299143e-05
2132 4.332090790504e-05
2133 6.604050714680e-06
2134 8.957596208004e-06
2135 3.041469529562e-05
2136 3.103450196427e-05
2137 1.681483549302e-05
2138 7.220640707577e-06
2139 2.685057379261e-05
2140 1.474843757080e-05
2141 9.191215660979e-06
2142 1.653836464813e-05
2143 1.238300043647e-04
2144 5.996982675582e-06
2145 1.756117181893e-05
2146 1.977305085524e-05
2147 3.766021790323e-05
2148 1.252235042094e-05
2149 5.327477330098e-06
2150 6.768631120058e-06
2151 4.812924972899e-06
2152 1.974418326655e-05
2153 1.727117485962e-05
2154 7.015032337408e-05
2155 1.056707790152e-05
2156 5.964776906699e-06
2157 1.893211933073e-05
2158 1.089718412134e-05
2159 3.827573893534e-05
2160 7.132366899981e-05
2161 1.255868922268e-05
2162 1.516929404090e-05
2163 8.271946043808e-06
2164 7.052113764849e-05
2165 1.173933258617e-05
2166 1.333631992296e-04
2167 9.441752161415e-06
2168 7.787019950596e-06
2169 6.148562249293e-05
2170 1.338413225059e-05
2171 1.404332412559e-05
2172 1.024083963389e-05
2173 4.469343665213e-05
2174 9.249729826113e-06
2175 4.973614194120e-06
2176 8.614906290400e-06
2177 1.112834571970e-05
2178 6.441252741304e-05
2179 1.250606352974e-04
2180 4.628186888618e-05
2181 2.046548712311e-05
2182 9.487080159897e-06
2183 6.391258806132e-06
2184 1.524492512574e-05
2185 2.403869204771e-05
2186 6.790182306023e-05
2187 7.414297019009e-06
2188 1.923117655085e-05
2189 3.542588743918e-06
2190 6.327590680417e-06
2191 1.842825111999e-05
2192 4.974672400152e-05
2193 1.124319255094e-05
2194 1.179486008164e-05
2195 7.727739168468e-06
2196 4.324533548727e-05
2197 3.186359534597e-05
2198 1.024202957132e-05
2199 1.401830744557e-04
2200 5.645297435759e-06
2201 5.329417059208e-06
2202 6.680464994165e-06
2203 8.900093320885e-06
2204 1.022214206158e-04
2205 2.431225138434e-04
2206 8.877981540675e-06
2207 5.301434602627e-06
2208 1.196774184454e-05
2209 1.273389950628e-05
2210 1.504879761943e-05
2211 2.185792906727e-05
2212 2.377129006796e-05
2213 7.333505206858e-06
2214 1.299278978870e-05
2215 1.051607128853e-05
2216 9.717032538015e-06
2217 1.112607790181e-05
2218 1.499481284938e-05
2219 5.449431115064e-06
2220 1.140312451439e-05
2221 8.841365854182e-06
2222 3.433285734038e-05
2223 1.000438041365e-04
2224 6.914628727264e-06
2225 1.078695428265e-04
2226 7.653095497141e-06
2227 2.728088937879e-05
2228 1.674595788825e-05
2229 5.612310975631e-06
2230 7.118948334713e-06
2231 1.101627612175e-05
2232 6.849851926003e-05
2233 1.277714205965e-05
2234 1.115991181685e-05
2235 4.544927889556e-05
2236 2.753525952972e-06
2237 8.320343215281e-05
2238 7.100993510225e-06
2239 9.092322128049e-06
2240 2.476903231093e-05
2241 6.142313099153e-06
2242 2.269144499436e-05
2243 8.609980293190e-06
2244 6.764358871423e-05
2245 5.492272771908e-06
2246 9.915370555732e-06
2247 7.483033636794e-06
2248 8.625332189001e-06
2249 1.502928614491e-05
2250 8.456288671648e-06
2251 5.640636064511e-05
2252 1.695751411444e-05
2253 8.852028711429e-06
2254 2.717823307293e-05
2255 5.286601525846e-06
2256 7.919134420835e-06
2257 6.482783112202e-06
2258 3.466556217212e-05
2259 5.161737539867e-05
2260 9.627643609882e-06
2261 1.199296515578e-05
2262 1.708736331213e-05
2263 9.956493882122e-06
2264 3.534576710933e-06
2265 6.068070235064e-06
2266 5.648268331262e-06
2267 2.802466526009e-05
2268 8.212765826349e-06
2269 6.994489528231e-06
2270 1.519302268194e-05
2271 2.021409945725e-05
2272 9.053885111200e-06
2273 5.771067574240e-06
2274 8.820389667948e-06
2275 4.271737059654e-06
2276 1.775323410602e-05
2277 1.873527950107e-05
2278 1.733507495233e-05
2279 1.157547291886e-05
2280 9.157306799673e-06
2281 5.420594786754e-06
2282 7.356677712538e-06
2283 3.004097342347e-05
2284 8.805839432638e-06
2285 8.011303463461e-06
2286 2.932108736153e-05
2287 3.316149372422e-06
2288 6.357046879220e-06
2289 4.053192582382e-05
2290 1.249300580559e-05
2291 8.676526414402e-06
2292 3.337958985513e-06
2293 7.728167671073e-05
2294 2.800219480634e-05
2295 1.142453952920e-05
2296 3.059114509565e-05
2297 7.838524608271e-06
2298 5.767683863266e-06
2299 7.187015510807e-06
2300 3.714431076778e-06
2301 2.793888079445e-06
2302 5.475705714179e-05
2303 8.202613211654e-05
2304 4.822193668408e-06
2305 3.338384804159e-05
2306 8.407582340720e-06
2307 4.490211833495e-06
2308 2.849410967384e-05
2309 2.292064208730e-05
2310 7.907268997982e-06
2311 1.818816933241e-05
2312 1.556201447773e-05
2313 4.600546296702e-06
2314 3.200410486415e-06
2315 3.102919334037e-05
2316 1.563502860659e-05
2317 8.280161282688e-06
2318 6.349435056223e-06
2319 3.709568241951e-06
2320 3.325023577808e-06
2321 5.195041723712e-06
2322 3.858131473856e-05
2323 1.610381722200e-05
2324 8.386595755893e-06
2325 1.070483037939e-05
2326 5.557636655356e-06
2327 7.155992301047e-06
2328 1.824998506808e-05
2329 5.952464048550e-06
2330 5.957500266577e-06
2331 8.315030672406e-06
2332 5.057350858951e-06
2333 5.535917444921e-06
2334 9.489797734399e-05
2335 8.086038860954e-06
2336 1.733985189444e-05
2337 8.882934916896e-06
2338 8.322054708735e-06
2339 5.236919688581e-06
2340 8.998160280482e-06
2341 3.928564952663e-05
2342 9.459298805703e-06
2343 7.945070184704e-06
2344 1.282640201449e-05
2345 1.077727226168e-05
2346 2.867432656587e-05
2347 2.989328438732e-05
2348 1.407767888950e-05
2349 1.992232084533e-06
2350 2.397014503066e-06
2351 8.155951529635e-06
2352 1.170359700105e-05
2353 1.161023700898e-05
2354 9.777859537568e-05
2355 6.007096184047e-06
2356 7.193653771133e-05
2357 6.785019205529e-06
2358 9.024074091660e-06
2359 6.837692903276e-06
2360 8.086533414570e-06
2361 9.927624697652e-05
2362 2.912185842409e-06
2363 8.574822933228e-06
2364 6.027558911930e-06
2365 2.062823097759e-05
2366 7.395392179193e-06
2367 1.956353397489e-04
2368 1.144854974020e-05
2369 1.371647692035e-05
2370 4.020571402107e-06
2371 3.951628616764e-05
2372 7.888118847514e-06
2373 7.777058349769e-06
2374 4.468983501966e-06
2375 2.783057239973e-06
2376 3.283414010233e-05
2377 2.807749774968e-06
2378 1.448967711055e-05
2379 1.349326036133e-05
2380 5.384376044956e-06
2381 2.531479791611e-06
2382 1.344419428191e-05
2383 4.228503431279e-06
2384 1.598493228491e-05
2385 7.165792614280e-06
2386 3.837095322706e-05
2387 4.582849652335e-05
2388 7.809397908420e-06
2389 7.315851835781e-06
2390 8.267576802028e-06
2391 3.388368093901e-06
2392 1.445540260458e-04
2393 7.565637959321e-06
2394 1.496034724921e-05
2395 1.405444560017e-05
2396 3.790291987443e-06
2397 3.647592264944e-06
2398 1.849202479487e-05
2399 3.266493295625e-05
2400 8.759519981793e-06
2401 5.728658638949e-06
2402 7.239388077740e-06
2403 3.032281325259e-06
2404 2.918441679132e-05
2405 3.980607472939e-06
2406 1.300957296098e-05
2407 4.811503643224e-06
2408 9.546532761917e-06
2409 3.088111254749e-06
2410 1.034142488268e-05
2411 1.350492447657e-05
2412 6.983255532602e-05
2413 4.299172538788e-06
2414 4.547253165676e-05
2415 5.159810068465e-06
2416 8.718796678201e-06
2417 2.436785636156e-06
2418 3.702389466439e-06
2419 4.283158836818e-06
2420 5.396762377979e-06
2421 1.298273502641e-05
2422 3.815641759074e-06
2423 5.513627713226e-06
2424 1.854858548909e-05
2425 9.327334952551e-05
2426 2.670422974078e-06
2427 6.660345406827e-06
2428 6.543650958861e-06
2429 9.098369167363e-06
2430 5.226799861938e-06
2431 9.800990128334e-06
2432 1.167755111871e-05
2433 2.942420052363e-06
2434 8.491172395221e-06
2435 5.911546659139e-06
2436 2.102510842674e-06
2437 9.596106254910e-06
2438 5.092712875135e-05
2439 3.601587393375e-06
2440 3.821439357247e-06
2441 3.487159943957e-06
2442 5.671916833277e-06
2443 3.316897058834e-06
2444 3.272339441599e-05
2445 1.667158396740e-05
2446 5.592769021565e-06
2447 2.156652864827e-05
2448 1.900603361895e-05
2449 3.810437439757e-06
2450 1.509398109562e-05
2451 3.085588153221e-05
2452 7.011804738894e-06
2453 2.234232796653e-06
2454 1.576293184966e-05
2455 2.241142646862e-06
2456 2.261214678716e-05
2457 4.515405852246e-05
2458 4.148066449493e-06
2459 1.283333036834e-05
2460 4.015448652382e-06
2461 3.814908000221e-06
2462 6.905886683951e-06
2463 8.748793831560e-06
2464 1.711355193262e-05
2465 2.619507371374e-06
2466 3.024738400258e-06
2467 1.197703985620e-05
2468 4.655973977309e-06
2469 2.574860272451e-06
2470 1.582292617253e-05
2471 2.248339208998e-05
2472 2.937919904441e-06
2473 6.083820050347e-06
2474 2.489677369580e-06
2475 5.116813942402e-06
2476 6.327613887613e-05
2477 4.235550649087e-05
2478 1.177527238168e-05
2479 6.955079975624e-06
2480 3.774743621262e-06
2481 5.710024178483e-06
2482 2.444166016409e-05
2483 1.340008968424e-05
2484 2.386623625944e-06
2485 1.064348163782e-05
2486 7.856171372352e-05
2487 6.070644361171e-06
2488 1.960724284495e-06
2489 3.727513569312e-05
2490 3.443154404328e-06
2491 2.066667574414e-06
2492 6.919048780320e-06
2493 1.953823538651e-05
2494 1.969181672266e-05
2495 9.259313904379e-06
2496 6.233167696893e-06
2497 3.433586244362e-05
2498 3.234983468028e-06
2499 2.220248429895e-06
2500 3.715924662452e-06
2501 6.966440455962e-06
2502 5.163882693868e-06
2503 5.781047213001e-06
2504 6.217744161024e-05
2505 5.104795810790e-06
