0 3.535523299332e+00
1 9.582441790442e-01
2 3.986281083106e-01
3 2.072382271350e-01
4 1.231594510063e-01
5 7.997256407596e-02
6 1.128174086472e-01
7 6.334461674957e-02
8 4.013098317397e-02
9 3.753571066935e-01
10 3.006620573345e-02
11 2.322746388256e-02
12 7.500890012710e-02
13 2.383944943185e-02
14 3.049373322531e-02
15 1.478450193937e-02
16 6.293322864377e-02
17 1.219591801676e-02
18 1.553559819525e-01
19 1.094523318174e-02
20 2.380324787891e-02
21 6.644416547355e-02
22 8.343921375744e-03
23 7.524670588399e-03
24 1.780749474814e-02
25 3.672030881948e-02
26 6.405838587218e-03
27 1.901842098294e-02
28 1.573161202580e-01
29 1.681875000923e-02
30 5.261218451575e-03
31 4.908695897877e-03
32 1.309736661522e-02
33 1.170137902375e-02
34 3.804927329697e-03
35 7.276275421691e-02
36 9.473588044682e-02
37 6.962311426972e-03
38 3.760847531049e-03
39 1.267717807029e-02
40 1.518061074293e-02
41 3.653650408870e-03
42 4.346294992201e-03
43 6.487604604683e-02
44 3.025635823141e-03
45 4.861489245183e-03
46 6.328984319806e-03
47 1.071144242403e-02
48 2.250800665237e-03
49 9.714793917684e-03
50 8.443366884248e-02
51 5.579911735710e-03
52 6.775352535597e-03
53 1.979411504267e-03
54 1.432054122960e-02
55 3.439423058774e-03
56 1.936832556760e-03
57 3.676854616705e-02
58 3.688648373987e-03
59 1.628486790564e-03
60 4.344180579010e-03
61 2.841310329131e-03
62 1.451675799744e-02
63 2.034420257786e-03
64 1.171257488998e-02
65 1.532114768815e-03
66 6.690747660312e-03
67 1.123075327429e-02
68 1.579975946804e-03
69 1.344368171746e-03
70 5.105263369484e-03
71 1.420462345087e-02
72 2.832827970862e-02
73 1.200902554421e-03
74 1.576666535716e-03
75 1.872013029485e-03
76 7.760394010154e-04
77 2.332384716234e-02
78 1.209839404308e-02
79 2.089364744873e-03
80 5.029832796536e-03
81 1.344334843241e-03
82 1.492722473154e-03
83 1.721673950028e-03
84 1.300582730030e-03
85 1.163870145507e-02
86 1.625756553239e-03
87 6.685152038499e-04
88 1.089585809018e-03
89 1.790851174335e-03
90 1.903261025507e-03
91 5.211819872666e-03
92 3.646217388973e-03
93 5.928987069062e-04
94 1.117498011421e-03
95 9.984402448348e-04
96 9.772265705276e-04
97 1.005284489205e-03
98 9.973081728457e-04
99 4.705835990162e-03
100 6.411802361064e-04
101 1.034905042283e-03
102 1.452506070039e-03
103 4.712233854131e-04
104 1.025436702224e-03
105 1.291083096723e-03
106 6.700010754613e-04
107 3.062399647490e-03
108 7.262699200302e-04
109 3.016003864869e-04
110 1.423208883751e-03
111 1.440973914238e-03
112 2.229042404161e-03
113 1.326212802977e-03
114 5.264723917152e-04
115 3.935627260067e-04
116 3.151678222294e-03
117 9.078192733429e-04
118 8.953091799402e-04
119 4.352963722073e-04
120 1.220997248462e-03
121 2.863704690462e-04
122 5.925582036400e-04
123 3.291922672847e-04
124 5.026667624954e-04
125 3.483050273729e-03
126 5.150616493557e-03
127 5.629843007473e-04
128 1.824393647103e-04
129 6.182073590059e-04
130 1.213374473161e-03
131 1.037132662171e-03
132 3.274956418805e-04
133 4.670783124823e-04
134 1.806161911513e-04
135 4.123402081187e-04
136 3.795576110972e-04
137 2.737638466594e-04
138 4.028424564330e-04
139 2.106661419592e-03
140 1.380179801494e-04
141 4.781421033825e-04
142 3.683648554720e-04
143 6.195553461948e-04
144 5.043736379754e-04
145 3.015856911032e-04
146 1.052921815203e-03
147 1.392879815564e-03
148 1.495448572064e-04
149 1.316440147256e-04
150 5.013769948736e-04
151 1.421866576272e-04
152 9.314046911191e-04
153 3.969699652214e-03
154 8.927173193335e-05
155 2.768483298582e-04
156 8.355299628318e-04
157 1.080493653854e-04
158 1.476379094413e-04
159 3.827910592618e-04
160 1.006498908456e-04
161 1.909995500002e-04
162 3.032249991603e-04
163 3.265569190642e-04
164 2.763868600275e-04
165 2.539859016007e-04
166 4.460365114422e-04
167 1.950301167447e-04
168 7.238702093536e-05
169 5.510000158663e-04
170 9.150137974722e-05
171 1.080635367845e-04
172 2.027854822908e-04
173 1.457840193299e-03
174 1.991487420887e-04
175 4.995042589094e-05
176 2.070135408780e-04
177 8.543260942159e-05
178 1.177358446693e-04
179 1.175190191456e-04
180 1.690133875013e-03
181 1.546962449024e-04
182 3.416186712605e-04
183 3.549592191202e-04
184 4.871827680418e-05
185 4.700078077166e-05
186 3.267746370128e-04
187 2.270746293291e-04
188 2.467079326808e-04
189 1.067876636969e-04
190 6.617561895458e-05
191 4.397353169906e-05
192 1.776727920062e-04
193 4.822479032191e-05
194 4.796634018272e-05
195 5.883992783168e-04
196 8.550108143580e-05
197 1.941463432393e-04
198 3.016285918968e-05
199 2.716782242891e-05
200 7.082849363533e-04
201 1.486160420145e-04
202 1.754541703550e-04
203 2.685682742383e-05
204 3.529870255231e-05
205 3.077708739675e-04
206 3.691280509584e-05
207 2.335852826772e-04
208 2.338116597875e-04
209 4.771908739056e-05
210 5.891160521125e-05
211 4.224644947957e-05
212 4.354612883358e-05
213 8.294717285462e-05
214 5.972366135762e-04
215 7.731443442079e-05
216 1.515351768894e-05
217 2.598515896819e-05
218 2.542218152968e-05
219 7.690794486357e-05
220 3.315302740728e-05
221 2.489142575035e-04
222 4.773511971501e-05
223 3.751490817596e-05
224 2.190962072836e-04
225 6.931730707116e-05
226 1.279322258075e-05
227 2.495284460599e-05
228 2.167509445960e-04
229 5.148388052735e-05
230 1.173655248095e-05
231 1.647165939895e-05
232 7.781840655033e-05
233 3.773004455548e-05
234 2.803216323842e-05
235 1.513853733664e-05
236 2.647897091156e-04
237 4.911158736543e-05
238 1.757269940812e-05
239 2.048274307288e-05
240 7.224264769158e-06
241 1.610129332894e-04
242 2.048671329429e-05
243 1.712033934395e-04
244 4.482826601244e-05
245 1.192713708830e-05
246 7.862283892425e-05
247 2.506533165817e-05
248 6.640968254639e-06
249 8.432241052417e-06
250 1.495708369462e-05
251 4.410101686705e-05
252 1.451853998316e-05
253 9.966174057141e-06
254 1.324111607407e-05
255 2.225021431645e-05
256 9.843193225638e-06
257 2.666190054470e-05
258 1.618346109338e-05
259 5.205898093078e-06
260 3.739024862924e-05
261 8.863299492315e-06
262 2.137912326749e-05
263 1.506669818224e-05
264 1.173754990770e-05
265 3.183482351894e-05
266 8.926237218179e-06
267 4.615047473430e-06
268 5.476984012293e-06
269 1.711470850938e-05
270 1.785981697542e-05
271 7.694685299212e-06
272 6.878484456857e-06
273 2.667859911208e-05
274 8.814117911245e-06
275 3.053796047252e-06
276 4.935041097304e-06
277 1.062043423470e-05
278 3.045069337430e-06
279 9.410672905202e-05
280 5.103561832730e-06
281 2.738390083073e-06
282 9.306284516194e-06
283 5.239616113303e-06
284 4.155266633485e-06
285 5.376067860507e-06
286 3.835426016972e-05
287 1.039144046209e-05
288 1.029555907428e-05
289 6.185979629842e-06
290 5.788808019093e-06
291 3.377362586103e-06
292 3.023164019771e-06
293 8.100082907473e-05
294 5.694706553024e-06
295 4.986121858669e-06
296 1.815122081910e-06
297 4.794172081794e-06
298 2.304191336370e-06
299 2.881388443341e-06
300 2.243527124167e-05
301 3.837814713725e-06
302 2.102078280709e-06
303 7.393267388640e-06
304 2.653704926402e-06
305 5.697564927567e-06
306 1.155219619473e-06
307 1.443181240273e-05
308 4.463760056602e-06
309 4.179205049823e-06
310 3.236535549020e-06
311 3.212434828106e-06
312 1.160125289466e-06
313 1.208018912067e-06
314 3.794549043140e-05
315 2.670542618033e-05
316 2.284560836574e-06
317 2.784187612891e-06
318 1.188793586445e-06
319 1.881850202465e-06
320 8.527683981589e-06
321 7.549503730708e-06
322 6.498200684296e-07
323 1.299626672697e-06
324 4.589485759580e-06
325 1.318853036172e-06
326 2.254787291752e-06
327 1.947218726724e-06
328 1.483019050200e-05
329 1.479122716071e-06
330 1.264457082685e-06
331 1.881631808855e-06
332 2.513280393042e-06
333 4.609344939541e-06
334 4.435092099651e-06
335 7.691122813237e-07
336 4.408256763298e-06
